Layer 1:
-----------
Possible overlapping defects: 
	Blade Chatter at position(s): [(341, 1480), (642, 368), (642, 445), (711, 950), (730, 867), (734, 947), (961, 1132), (979, 1049), (999, 1128)] 
Total defect size (pixels): 5344 


Date: Wed Aug 16 14:51:32 2017 
Layer 1:
-----------
Possible overlapping defects: 
	Blade Chatter at position(s): [(341, 1480), (642, 368), (642, 445), (710, 950), (730, 867), (734, 947), (961, 1131), (979, 1048), (999, 1129)] 
Other possible defects: 
	Blade Chatter at position(s): [(342, 1524), (629, 405), (656, 403), (712, 900), (731, 995), (733, 899), (979, 1080), (981, 1178)] 
	Bright Spot at position(s): [(3432, 147), (3457, 2201), (3463, 1251)] 
Total defect size (pixels): 5352 


Date: Wed Aug 16 14:52:33 2017 
Layer 9:
-----------
Possible overlapping defects: 
	Blade Chatter at position(s): [(481, 1711), (486, 1168), (504, 1085), (524, 1165), (601, 675), (601, 753), (719, 1050), (1091, 1021), (1109, 939), (1129, 1019)] 
Other possible defects: 
	Contrast Difference at position(s): [(164, 25), (900, 813)] 
	Blade Chatter at position(s): [(473, 1750), (505, 1116), (506, 1214), (588, 709), (615, 707), (721, 1098), (1091, 972), (1111, 1068), (1117, 969), (3442, 1235)] 
	Bright Spot at position(s): [(3463, 1248)] 
Total defect size (pixels): 7247 


Date: Wed Aug 16 14:55:32 2017 
Layer 1:
-----------
Possible overlapping defects: 
	Blade Streak at position(s): [(160, 1911), (171, 1892), (198, 1688), (211, 1709), (231, 1652), (302, 1895), (309, 1719), (310, 1913), (323, 1686), (335, 1653), (343, 1709), (485, 1686), (489, 1709), (497, 1719), (509, 1900), (509, 1906), (510, 1913), (561, 1552), (585, 1653), (597, 967), (609, 1899), (609, 1906), (609, 1913), (619, 1686), (634, 1719), (641, 1709), (689, 1899), (689, 1906), (689, 1913), (773, 1553), (809, 1896), (809, 1913), (810, 1906), (822, 1686), (855, 1718), (918, 1709), (963, 1913), (969, 1895), (970, 1906), (978, 1553), (999, 1686), (1001, 1562), (1124, 1906), (1129, 1882), (1129, 1895), (1130, 1915), (1172, 1686), (1194, 1653), (1204, 1553), (1205, 1562), (1289, 1561), (1289, 1879), (1289, 1894), (1289, 1906), (1290, 1915), (1291, 1553), (1292, 1653), (1375, 1686), (1375, 1709), (1433, 1719), (1449, 1877), (1449, 1892), (1449, 1906), (1450, 1912), (1495, 1553), (1497, 1562), (1534, 1685), (1609, 1877), (1609, 1889), (1619, 1362), (1658, 1561), (1709, 1552), (1744, 1304), (1746, 968), (1763, 1894), (1768, 1876), (1807, 1363), (1831, 1304), (1928, 1876), (1929, 1892), (1942, 1562), (1945, 1553), (2028, 1685), (2089, 1874), (2089, 1893), (2139, 1561), (2149, 1553), (2158, 968), (2158, 1304), (2188, 1685), (2193, 1363), (2249, 1871), (2253, 1304), (2296, 1363), (2344, 968), (2390, 1553), (2403, 1876), (2568, 1873), (2613, 1362), (2701, 1303), (2711, 1552), (2716, 1684), (2728, 1871), (2883, 1871), (3032, 1553)] 
	Contrast Difference at position(s): [(114, 885), (114, 982), (115, 600), (115, 1291), (117, 1185), (117, 1207), (121, 485), (146, 595), (158, 375), (170, 588), (178, 484), (193, 486), (211, 374), (211, 1661), (222, 1416), (243, 1370), (256, 1600), (262, 1501), (267, 485), (272, 1402), (277, 1539), (283, 1482), (289, 1392), (291, 1404), (291, 1503), (297, 1617), (298, 1635), (306, 1368), (309, 1515), (310, 1651), (313, 367), (313, 1427), (321, 1488), (322, 1635), (323, 1726), (324, 988), (326, 1519), (332, 1406), (333, 1659), (338, 1490), (351, 1706), (356, 1723), (357, 1623), (360, 1432), (360, 1962), (366, 1462), (377, 1409), (389, 1662), (390, 1618), (396, 1713), (396, 1758), (410, 1372), (412, 1523), (425, 1446), (436, 1265), (456, 1473), (457, 1446), (469, 1419), (478, 1452), (486, 1256), (489, 1720), (490, 1454), (494, 1683), (497, 1666), (498, 1437), (498, 1929), (498, 1933), (499, 1525), (513, 1406), (513, 1512), (514, 1475), (517, 1640), (522, 1491), (522, 1766), (523, 1667), (524, 1390), (527, 1434), (530, 1148), (530, 1637), (534, 1166), (540, 1254), (540, 1919), (548, 1044), (553, 1520), (560, 1655), (563, 1784), (570, 1627), (572, 1760), (576, 1517), (578, 1662), (580, 1910), (581, 1144), (586, 1260), (601, 1411), (609, 1689), (611, 1918), (615, 1458), (617, 1751), (622, 1520), (628, 1494), (637, 1038), (639, 1442), (642, 1495), (644, 1632), (652, 1739), (669, 1535), (671, 934), (671, 1678), (672, 1710), (675, 1135), (681, 1666), (686, 1910), (707, 1233), (710, 1043), (712, 948), (724, 933), (739, 1161), (756, 1149), (772, 1057), (772, 1905), (773, 1127), (778, 1926), (789, 1915), (794, 1154), (804, 1914), (825, 924), (827, 2026), (831, 1153), (839, 1240), (846, 1907), (848, 837), (864, 1126), (869, 920), (872, 2025), (879, 1019), (885, 948), (902, 919), (905, 1902), (919, 1046), (937, 1906), (941, 1237), (942, 941), (943, 1114), (945, 835), (947, 730), (954, 1899), (974, 1685), (979, 1503), (986, 1529), (994, 1904), (1012, 838), (1018, 2022), (1019, 1902), (1027, 634), (1052, 429), (1059, 1896), (1061, 827), (1070, 1594), (1078, 1907), (1081, 629), (1091, 831), (1097, 1555), (1099, 1901), (1112, 1107), (1112, 1224), (1121, 727), (1138, 1680), (1139, 1201), (1142, 1902), (1152, 917), (1166, 622), (1179, 1674), (1208, 1684), (1210, 1593), (1214, 1636), (1256, 813), (1256, 1213), (1262, 1477), (1262, 1903), (1270, 1710), (1275, 391), (1286, 1747), (1289, 309), (1290, 510), (1295, 610), (1303, 1753), (1307, 1633), (1317, 1106), (1335, 1743), (1346, 1723), (1355, 1084), (1359, 1697), (1361, 1183), (1367, 996), (1371, 1008), (1374, 1725), (1389, 1684), (1391, 503), (1397, 1213), (1401, 1696), (1407, 1575), (1409, 1743), (1411, 1183), (1414, 401), (1423, 1673), (1437, 1721), (1441, 1684), (1446, 1195), (1453, 1667), (1456, 297), (1457, 1548), (1460, 1182), (1466, 1690), (1468, 990), (1472, 1560), (1480, 1183), (1481, 1683), (1482, 1612), (1486, 1728), (1489, 1666), (1494, 1635), (1495, 1555), (1500, 1191), (1501, 1617), (1511, 1645), (1513, 1174), (1518, 1572), (1521, 1001), (1522, 1507), (1525, 1541), (1525, 1606), (1537, 1628), (1547, 1077), (1556, 1195), (1562, 288), (1576, 1454), (1576, 1502), (1582, 1432), (1584, 1538), (1595, 1092), (1596, 1560), (1598, 1488), (1600, 1509), (1602, 1455), (1604, 1371), (1632, 1167), (1632, 1476), (1638, 1185), (1639, 1513), (1646, 1278), (1653, 1181), (1653, 1471), (1663, 1555), (1664, 1338), (1678, 1539), (1679, 1298), (1680, 1314), (1680, 1331), (1685, 1175), (1687, 1165), (1696, 1522), (1709, 1283), (1709, 1503), (1711, 1311), (1728, 1491), (1732, 1289), (1733, 1261), (1749, 1300), (1751, 1272), (1755, 1331), (1776, 1065), (1798, 1349), (2745, 319), (2875, 363), (2912, 374), (2953, 392), (2997, 1845), (3027, 727), (3051, 448), (3069, 575), (3070, 1857), (3083, 1843), (3088, 921), (3106, 616), (3143, 660), (3157, 554), (3167, 708), (3187, 741), (3198, 1370), (3209, 809), (3218, 1131), (3220, 1841), (3225, 1417), (3226, 1321), (3229, 1091), (3236, 943), (3236, 1018), (3244, 1392), (3249, 1277), (3250, 700), (3266, 1238), (3271, 757), (3279, 1209), (3289, 1175), (3302, 1105), (3306, 890), (3311, 1256), (3313, 973), (3335, 1013), (3357, 979), (3358, 1016)] 
	Blade Chatter at position(s): [(413, 1664), (413, 1712), (413, 1761), (465, 1689), (2634, 903)] 
	Bright Spot at position(s): [(156, 1955), (176, 1976), (177, 1856), (192, 1729), (201, 1852), (205, 1667), (208, 1471), (212, 1729), (225, 1417), (232, 1889), (234, 1973), (235, 1440), (238, 1727), (243, 1370), (258, 1487), (259, 1991), (262, 1501), (262, 1742), (267, 1867), (268, 1624), (269, 1884), (269, 1935), (270, 1962), (272, 1402), (273, 1768), (277, 1539), (281, 1889), (283, 1482), (287, 1975), (291, 1404), (292, 1510), (294, 1363), (297, 1496), (297, 1618), (298, 1635), (299, 1756), (307, 1717), (313, 1428), (316, 1928), (322, 1727), (328, 1666), (329, 1408), (335, 1947), (339, 1637), (343, 1489), (345, 1446), (351, 1904), (351, 1926), (353, 1627), (354, 1701), (356, 1724), (357, 1160), (357, 1394), (360, 1962), (369, 1403), (379, 1486), (397, 1702), (401, 1720), (417, 1514), (424, 1376), (425, 1410), (425, 1444), (428, 1523), (435, 1464), (437, 1265), (467, 1702), (468, 1490), (470, 1730), (476, 1638), (479, 1448), (479, 1926), (488, 1501), (494, 1684), (500, 1533), (500, 1917), (507, 1734), (509, 1668), (512, 1408), (521, 1770), (527, 1271), (528, 1520), (530, 1637), (532, 1149), (534, 1922), (536, 1162), (542, 1504), (544, 1930), (546, 1374), (549, 1044), (557, 1424), (557, 1596), (559, 1615), (563, 1249), (565, 1736), (572, 1402), (572, 1761), (573, 1143), (573, 1534), (583, 1442), (586, 1260), (589, 1709), (591, 1387), (596, 1921), (598, 1635), (601, 1443), (608, 1688), (612, 1763), (621, 1744), (621, 1917), (629, 1411), (629, 1482), (635, 1037), (641, 1655), (645, 1719), (647, 1516), (651, 1137), (654, 1248), (661, 1706), (661, 1767), (668, 1539), (670, 1660), (674, 1497), (675, 937), (683, 1434), (684, 1615), (684, 1704), (686, 1235), (686, 1922), (688, 1674), (688, 1719), (689, 1387), (689, 1538), (691, 1133), (692, 1480), (700, 1394), (703, 1910), (706, 1436), (706, 1922), (710, 1031), (713, 948), (724, 1235), (730, 1133), (743, 929), (755, 1232), (757, 1130), (757, 1915), (762, 1441), (763, 1402), (766, 1525), (767, 1458), (772, 1585), (776, 1646), (779, 1669), (784, 1706), (785, 1379), (788, 1231), (794, 1692), (795, 1364), (802, 1401), (827, 1399), (830, 1903), (835, 1246), (838, 1225), (839, 1128), (847, 836), (847, 1239), (848, 1700), (853, 1397), (856, 1029), (867, 1362), (883, 1533), (886, 1466), (886, 1554), (888, 1040), (891, 1584), (892, 1385), (893, 1713), (900, 1901), (910, 1588), (916, 1563), (917, 1495), (918, 1371), (919, 1683), (936, 1238), (936, 1353), (943, 1114), (947, 1586), (952, 1391), (953, 1906), (954, 1460), (956, 1439), (969, 1614), (976, 1540), (976, 1690), (983, 1493), (990, 1547), (991, 1383), (993, 1365), (994, 1903), (1004, 1466), (1009, 1530), (1013, 1586), (1019, 1514), (1021, 1209), (1021, 1907), (1025, 1235), (1027, 1491), (1028, 1688), (1029, 1376), (1032, 1897), (1036, 935), (1040, 1467), (1042, 1232), (1045, 1494), (1046, 1551), (1049, 1009), (1058, 1381), (1062, 1238), (1065, 1008), (1066, 1352), (1074, 1597), (1075, 1526), (1076, 1205), (1078, 1907), (1082, 932), (1082, 1452), (1093, 1697), (1094, 1235), (1096, 1496), (1103, 1901), (1104, 1672), (1112, 1223), (1115, 1108), (1123, 1346), (1137, 1202), (1142, 1902), (1146, 1231), (1154, 921), (1159, 1359), (1169, 1678), (1187, 1126), (1189, 1348), (1192, 1108), (1192, 1408), (1194, 1466), (1199, 1519), (1200, 1541), (1205, 1653), (1210, 1590), (1242, 1199), (1256, 1211), (1256, 1531), (1257, 807), (1260, 1470), (1261, 1903), (1264, 1512), (1270, 1710), (1271, 1570), (1274, 1527), (1278, 1631), (1279, 1599), (1285, 1748), (1289, 1682), (1297, 1526), (1305, 1013), (1310, 1105), (1314, 1467), (1314, 1663), (1319, 1525), (1326, 1704), (1329, 1494), (1348, 1184), (1348, 1497), (1355, 1083), (1361, 1009), (1364, 1738), (1366, 1516), (1370, 997), (1376, 1458), (1378, 1188), (1380, 1709), (1382, 1719), (1384, 1522), (1390, 1212), (1399, 1506), (1401, 1009), (1402, 1888), (1410, 1469), (1415, 1490), (1424, 1674), (1430, 1729), (1436, 1520), (1441, 1463), (1443, 1662), (1445, 1716), (1462, 1887), (1464, 1627), (1465, 1508), (1466, 1690), (1473, 990), (1474, 1533), (1476, 1178), (1477, 583), (1485, 1667), (1486, 1730), (1487, 1539), (1493, 1518), (1495, 1448), (1496, 1639), (1500, 1191), (1501, 1589), (1508, 1647), (1511, 1453), (1515, 1176), (1521, 1001), (1522, 1507), (1523, 1486), (1523, 1568), (1527, 1542), (1533, 1573), (1541, 1077), (1556, 1195), (1564, 1326), (1568, 1396), (1571, 1410), (1573, 1282), (1576, 1502), (1578, 1285), (1579, 1435), (1580, 891), (1585, 1538), (1589, 1371), (1594, 1090), (1595, 1559), (1600, 1508), (1604, 1446), (1607, 1410), (1624, 1338), (1628, 1277), (1628, 1455), (1629, 1169), (1632, 1545), (1635, 1414), (1638, 1185), (1639, 1514), (1646, 1372), (1647, 1304), (1653, 1181), (1667, 1280), (1678, 1539), (1682, 1313), (1682, 1335), (1686, 1165), (1695, 360), (1705, 1517), (1706, 973), (1729, 1491), (1750, 1272), (1775, 1066), (1799, 1350), (1819, 1327), (2725, 294)] 
Other possible defects: 
	Blade Streak at position(s): [(213, 1894), (214, 1915), (251, 1688), (251, 1708), (409, 1686), (416, 1906), (416, 1913), (435, 1709), (436, 1719), (437, 1653), (548, 1686), (548, 1708), (636, 1895), (650, 1916), (677, 1553), (717, 1686), (741, 1653), (743, 1709), (747, 1719), (817, 1553), (879, 1689), (889, 1915), (990, 1653), (1049, 1895), (1050, 1913), (1083, 1719), (1119, 1684), (1142, 968), (1148, 1709), (1149, 1553), (1150, 1562), (1182, 1879), (1210, 1906), (1210, 1913), (1213, 1895), (1230, 1553), (1231, 1562), (1237, 1686), (1238, 1653), (1300, 1709), (1300, 1719), (1366, 1879), (1369, 1901), (1369, 1906), (1394, 1555), (1395, 1563), (1507, 1686), (1529, 1877), (1530, 1898), (1556, 1553), (1560, 1562), (1638, 1914), (1689, 1876), (1690, 1896), (1707, 1363), (1729, 1685), (1730, 1719), (1797, 1564), (1803, 1303), (1849, 1876), (1856, 1553), (1953, 1718), (1983, 1304), (1996, 968), (2002, 1363), (2009, 1882), (2048, 1553), (2048, 1563), (2070, 968), (2160, 1686), (2169, 1882), (2251, 968), (2258, 1553), (2288, 1897), (2428, 1304), (2451, 1685), (2459, 1363), (2475, 1553), (2476, 1799), (2767, 1885), (2790, 1685), (2946, 1553), (3112, 1553)] 
	Contrast Difference at position(s): [(178, 1753), (371, 1731), (454, 1713), (455, 1671), (457, 1851), (463, 1744), (474, 1518), (501, 1855), (505, 744), (512, 1779), (533, 1556), (533, 2012), (540, 1944), (548, 842), (551, 1674), (559, 2006), (568, 939), (569, 1477), (580, 2043), (587, 1781), (590, 1848), (601, 938), (606, 1941), (620, 734), (634, 935), (634, 1035), (638, 2010), (639, 1775), (641, 733), (649, 2038), (651, 631), (664, 833), (668, 1545), (669, 1630), (671, 1845), (675, 2038), (680, 1132), (681, 1939), (683, 1735), (692, 1777), (694, 1629), (708, 929), (709, 729), (712, 2006), (721, 1028), (722, 829), (727, 624), (732, 1911), (742, 2005), (742, 2038), (747, 725), (749, 1935), (754, 1228), (762, 825), (775, 1024), (779, 1126), (781, 2005), (784, 722), (788, 1864), (790, 1843), (794, 1224), (799, 618), (799, 1707), (804, 1022), (813, 2036), (814, 1936), (831, 1998), (844, 1220), (845, 716), (845, 1505), (851, 1549), (853, 615), (856, 1383), (864, 916), (867, 1018), (867, 1514), (868, 1725), (869, 1587), (874, 2119), (876, 713), (879, 2035), (880, 1449), (880, 1689), (882, 512), (892, 1996), (895, 610), (898, 1613), (911, 1914), (920, 1842), (923, 1840), (929, 406), (930, 1619), (934, 1719), (947, 812), (947, 1112), (955, 404), (960, 1931), (962, 909), (975, 1858), (981, 1994), (990, 503), (996, 1930), (997, 1836), (1002, 2031), (1003, 299), (1003, 705), (1009, 400), (1014, 1345), (1018, 1929), (1019, 1598), (1033, 1712), (1051, 1905), (1055, 1857), (1057, 295), (1057, 1994), (1061, 498), (1063, 601), (1065, 1845), (1067, 1833), (1074, 396), (1076, 2029), (1077, 900), (1080, 1002), (1081, 1861), (1086, 1102), (1086, 1339), (1100, 291), (1103, 493), (1108, 1831), (1108, 1860), (1111, 897), (1114, 1927), (1120, 2027), (1124, 1200), (1125, 1848), (1126, 1822), (1127, 1705), (1132, 288), (1138, 490), (1139, 795), (1141, 1335), (1142, 1995), (1143, 896), (1149, 1859), (1150, 2025), (1155, 1827), (1161, 894), (1163, 386), (1171, 285), (1173, 489), (1173, 994), (1173, 1836), (1173, 1925), (1175, 792), (1176, 2025), (1183, 894), (1183, 1439), (1185, 1700), (1186, 385), (1186, 1493), (1188, 1527), (1192, 1194), (1195, 1596), (1206, 283), (1208, 687), (1208, 1824), (1209, 483), (1209, 991), (1211, 1987), (1211, 2023), (1218, 1091), (1219, 889), (1221, 384), (1224, 686), (1225, 788), (1234, 484), (1237, 1923), (1242, 1543), (1255, 987), (1259, 1842), (1259, 1990), (1262, 787), (1262, 1190), (1264, 885), (1266, 1828), (1273, 2020), (1277, 280), (1285, 1762), (1287, 785), (1291, 1854), (1294, 377), (1297, 475), (1301, 983), (1304, 1086), (1318, 1921), (1323, 1760), (1336, 982), (1344, 1183), (1350, 879), (1359, 476), (1366, 1080), (1380, 978), (1383, 1847), (1387, 370), (1390, 878), (1402, 472), (1407, 1753), (1414, 875), (1414, 1819), (1426, 1751), (1445, 369), (1447, 1750), (1448, 873), (1449, 1851), (1468, 1173), (1478, 972), (1506, 1171), (2701, 297), (2823, 292), (2872, 303), (2975, 1794), (2989, 1977), (2992, 354), (3030, 475), (3051, 1787), (3056, 1972), (3063, 501), (3072, 401), (3073, 1776), (3073, 1972), (3083, 518), (3093, 1871), (3134, 449), (3135, 1939), (3138, 1854), (3143, 1972), (3152, 1796), (3186, 1772), (3192, 1937), (3194, 1868), (3202, 519), (3211, 1789), (3226, 713), (3241, 570), (3242, 1936), (3245, 1971), (3271, 849), (3296, 667), (3302, 1292), (3323, 1239), (3338, 992), (3344, 784), (3347, 1167), (3354, 829), (3358, 1111), (3367, 1044), (3369, 930)] 
	Blade Chatter at position(s): [(413, 1689), (413, 1740), (438, 1639), (439, 1752), (2660, 902)] 
	Bright Spot at position(s): [(371, 1732), (473, 1863), (504, 744), (515, 1846), (515, 1878), (540, 1860), (544, 1844), (560, 1042), (597, 1851), (634, 1035), (661, 1775), (665, 1851), (673, 932), (677, 1872), (711, 1030), (712, 728), (714, 930), (722, 626), (743, 1847), (745, 1938), (747, 927), (752, 826), (766, 1847), (775, 1716), (777, 823), (784, 1845), (794, 922), (816, 1123), (818, 1851), (822, 920), (839, 1846), (857, 818), (862, 1844), (866, 1119), (866, 2035), (869, 917), (877, 1723), (898, 813), (902, 913), (902, 1835), (902, 1861), (904, 1015), (930, 1620), (940, 1852), (943, 1111), (944, 709), (956, 1011), (962, 910), (967, 1932), (971, 808), (979, 504), (995, 1998), (996, 704), (996, 1930), (1001, 1850), (1003, 907), (1008, 1006), (1021, 1839), (1039, 701), (1041, 804), (1059, 1856), (1068, 1829), (1072, 598), (1075, 1709), (1080, 1002), (1081, 1861), (1084, 800), (1084, 1836), (1086, 1102), (1089, 901), (1091, 394), (1093, 696), (1109, 1995), (1113, 1861), (1115, 1927), (1124, 1200), (1128, 1845), (1133, 694), (1139, 796), (1143, 895), (1155, 1829), (1161, 895), (1171, 589), (1172, 994), (1173, 1925), (1176, 792), (1180, 691), (1183, 894), (1192, 1194), (1195, 1592), (1209, 991), (1209, 1091), (1211, 585), (1214, 1828), (1218, 688), (1219, 890), (1224, 787), (1231, 586), (1240, 1922), (1242, 279), (1255, 987), (1259, 1842), (1261, 1830), (1264, 885), (1272, 784), (1275, 1923), (1291, 1854), (1301, 984), (1302, 884), (1304, 1085), (1317, 782), (1318, 1921), (1350, 879), (1367, 1080), (1373, 979), (1377, 776), (1382, 1847), (1389, 472), (1390, 878), (1415, 1919), (1416, 1851), (1450, 873), (1450, 1851), (1460, 1073), (1465, 771), (1468, 467), (1479, 972), (1496, 465), (1515, 665), (1552, 864), (1569, 1842), (1590, 861)] 
Total defect size (pixels): 152556 


Layer 1:
-----------
Possible overlapping defects: 
	Blade Chatter at position(s): [(341, 1480), (642, 368), (642, 445), (710, 950), (730, 867), (734, 947), (961, 1131), (979, 1048), (999, 1129)] 
Other possible defects: 
	Blade Chatter at position(s): [(342, 1524), (629, 405), (656, 403), (712, 900), (731, 995), (733, 899), (979, 1080), (981, 1178)] 
	Bright Spot at position(s): [(3432, 147), (3457, 2201), (3463, 1251)] 
Total defect size (pixels): 5352 


Layer 2:
-----------
Possible overlapping defects: 
	Contrast Difference at position(s): [(580, 1663)] 
	Blade Chatter at position(s): [(960, 1131), (998, 1129)] 
Other possible defects: 
	Blade Chatter at position(s): [(978, 1080), (980, 1179)] 
	Bright Spot at position(s): [(3432, 147), (3463, 646), (3463, 1247)] 
Total defect size (pixels): 2709 


